31 34 0
31 35 0
32 35 0
34 35 0
35 35 0
34 31 0
35 31 0
35 32 0
35 34 0
31 28 1
31 29 1
31 30 1
32 28 1
32 29 1
32 30 1
34 28 2
34 29 2
34 30 2
35 28 2
35 29 2
35 30 2
37 31 3
36 31 3
36 32 3
37 32 3
38 32 3
38 31 3
36 34 4
36 35 4
37 34 4
37 35 4
38 34 4
38 35 4
35 36 5
35 37 5
35 38 5
34 36 5
34 37 5
34 38 5
32 36 6
32 37 6
32 38 6
31 36 6
31 36 6
31 38 6
31 37 6
36 28 0
36 29 0
36 29 0
37 28 0
37 29 0
36 30 0
37 30 0
38 29 0
38 30 0
36 36 1
36 37 1
36 38 1
37 36 1
37 38 1
37 37 1
38 36 1
38 37 1
38 38 1
38 28 0
44 32 4
45 32 2
46 32 6
47 32 1
48 32 0
49 32 5
43 26 4
44 27 4
43 27 4
43 28 4
43 29 4
46 28 4
46 29 4
45 26 4
45 27 4
46 27 4
44 26 4
46 26 4
46 24 4
45 25 4
46 25 4
45 24 4
44 24 4
43 24 4
43 25 0
44 25 0
47 25 4
47 26 4
47 27 4
44 23 4
45 23 4
39 22 4
40 22 4
42 22 4
41 22 4
43 21 4
43 20 4
43 19 4
43 18 4
42 17 4
41 17 4
40 17 4
39 17 4
38 18 4
38 19 4
28 17 0
28 18 0
28 20 0
28 21 0
28 20 0
28 19 0
28 19 0
29 21 0
30 21 0
31 21 0
32 21 0
34 20 0
34 20 0
35 20 0
35 20 0
35 19 0
35 19 0
34 19 0
34 19 0
33 20 0
32 20 0
29 20 0
29 20 0
33 20 0
31 20 0
29 20 0
28 18 0
28 17 0
30 17 0
31 17 0
33 17 0
34 17 0
34 18 0
35 18 0
35 17 0
33 18 0
33 18 0
31 18 0
30 18 0
29 18 0
29 17 0
31 17 0
32 17 0
32 18 0
32 19 0
33 19 0
31 19 0
29 19 0
31 19 0
30 19 0
30 20 0
44 33 4
44 33 4
44 35 4
44 32 4
44 34 4
44 34 4
44 36 4
44 36 4
44 37 4
45 33 2
45 34 2
45 35 2
45 36 2
45 37 2
46 33 6
46 34 6
46 35 6
46 36 6
46 36 6
46 37 6
47 33 1
47 34 1
47 35 1
47 36 1
47 36 1
47 37 1
48 33 0
48 34 0
48 35 0
48 37 0
48 35 0
48 36 0
49 33 5
49 35 5
49 35 5
49 33 5
49 34 5
49 36 5
49 37 5
49 38 5
49 39 5
49 40 5
49 41 5
49 42 5
48 38 0
48 39 0
48 40 0
48 41 0
48 42 0
47 38 1
47 39 1
47 40 1
47 41 1
47 42 1
46 38 6
46 39 6
46 40 6
46 42 6
46 41 6
45 38 2
45 40 2
45 41 2
45 42 2
45 39 2
44 38 4
44 39 4
44 40 4
44 41 4
44 42 4
31 31 0
31 32 0
32 31 0
33 28 8
33 29 8
33 30 8
33 31 8
33 32 8
32 33 8
32 34 8
34 34 8
33 34 8
33 33 8
33 35 8
33 36 8
33 37 8
33 38 8
33 38 8
34 32 8
34 33 8
34 33 8
38 33 8
38 33 8
36 33 8
36 33 8
36 33 8
37 33 8
35 33 8
31 33 8
30 38 8
30 37 8
30 36 8
30 35 8
30 34 8
30 33 8
30 31 8
30 32 8
30 29 8
30 30 8
30 28 8
29 28 8
29 29 8
29 30 8
29 31 8
29 32 8
29 33 8
29 34 8
29 35 8
29 36 8
29 37 8
29 38 8
28 28 2
28 29 2
28 30 2
28 32 2
28 33 2
28 31 2
28 35 2
28 34 2
28 36 2
28 38 2
27 38 2
26 38 2
26 37 2
26 36 2
26 35 2
26 34 2
26 33 2
26 32 2
26 31 2
26 30 2
26 29 2
26 28 2
27 28 2
27 32 2
27 34 2
27 36 2
27 30 2
27 29 8
27 31 8
27 33 8
27 29 7
27 31 7
27 33 7
33 21 0
34 21 0
35 21 0
35 22 0
34 22 0
33 22 0
31 22 0
30 22 0
29 22 0
28 22 0
32 22 0
29 16 0
28 15 0
28 16 0
29 15 0
31 15 0
32 15 0
34 15 0
35 15 0
33 15 0
30 15 0
30 16 0
31 16 0
32 16 0
33 16 0
34 16 0
35 16 0
39 33 8
39 33 8
40 33 8
40 33 8
42 33 8
41 33 8
43 33 8
43 32 8
43 31 8
43 30 8
42 30 8
42 31 8
42 32 8
42 29 8
42 28 8
42 26 8
42 26 8
42 27 8
42 25 8
42 24 8
42 23 8
43 23 8
43 22 8
44 22 8
44 22 8
45 22 8
46 22 8
46 23 8
47 22 8
47 23 8
47 23 8
47 24 8
48 22 8
48 23 8
48 24 8
48 26 8
48 28 8
48 25 8
48 27 8
47 28 8
47 29 8
48 29 8
48 30 8
48 31 8
47 30 8
47 31 8
46 30 8
46 31 8
45 30 8
45 31 8
44 30 8
44 31 8
44 28 8
44 29 8
45 28 8
45 29 8
41 23 8
41 25 8
41 27 8
41 26 8
41 27 8
41 28 8
41 29 8
41 30 8
41 32 8
41 31 8
40 32 8
40 31 8
40 30 8
40 28 8
40 27 8
40 26 8
40 24 8
40 23 8
39 23 8
39 24 8
39 25 8
39 26 8
39 28 8
39 29 8
39 31 8
39 32 8
39 30 8
40 29 8
39 27 8
40 25 8
41 24 8
33 27 8
33 26 8
33 25 8
33 24 8
33 23 8
32 23 8
32 23 8
30 23 8
31 23 8
29 23 8
27 23 8
28 23 8
27 22 8
34 23 8
35 23 8
36 23 8
36 22 8
36 21 8
36 20 8
36 18 8
36 18 8
36 18 8
36 19 8
36 17 8
36 16 8
36 14 8
36 15 8
35 14 8
35 14 8
34 14 8
32 14 8
33 14 8
31 14 8
30 14 8
30 14 8
29 14 8
28 14 8
27 14 8
27 15 8
27 16 8
27 17 8
27 18 8
27 19 8
27 20 8
27 21 8
29 27 8
29 26 8
29 25 8
29 24 8
30 27 8
30 26 8
30 25 8
30 24 8
31 27 6
32 27 6
32 26 6
31 26 6
31 25 6
32 25 6
32 24 6
31 24 6
34 24 5
34 25 5
34 26 5
34 27 5
35 27 5
35 26 5
35 25 5
35 24 5
36 27 1
37 27 1
38 27 1
38 26 1
37 26 1
36 26 1
36 25 1
37 25 1
38 25 1
38 24 1
37 24 1
36 24 1
38 22 8
37 23 8
37 23 8
38 23 8
37 22 8
37 21 8
37 20 8
37 19 8
37 17 8
37 18 8
37 16 8
38 16 8
38 17 8
38 20 8
38 21 8
40 21 8
41 21 8
42 21 8
42 20 8
41 20 8
40 20 8
39 20 8
39 21 5
39 19 8
40 19 8
41 19 8
41 19 8
42 19 8
42 18 8
41 18 8
40 18 8
39 18 8
39 16 8
40 16 8
41 16 8
42 16 8
43 16 8
43 17 8
44 16 8
44 17 8
44 18 8
44 19 8
44 20 8
44 21 8
39 34 8
39 35 8
39 37 8
39 36 8
39 38 8
40 38 8
41 38 8
42 38 8
43 38 8
43 36 8
43 35 8
43 34 8
42 34 8
41 34 8
40 34 8
40 35 8
42 35 8
42 35 8
41 35 8
40 36 8
41 36 8
40 37 8
41 37 8
42 36 8
42 37 8
43 37 8
43 38 8
43 39 8
43 41 8
43 40 8
42 39 8
42 40 8
42 41 8
43 42 8
42 42 8
42 43 8
43 43 8
44 43 8
45 43 8
46 43 8
48 43 8
47 43 8
50 43 8
50 43 8
49 43 8
51 43 8
51 42 8
51 40 8
51 39 8
51 37 8
51 36 8
51 34 8
51 33 8
51 31 8
51 30 8
49 30 8
50 30 8
49 31 8
50 31 8
51 32 8
50 32 8
50 33 8
50 34 8
50 36 8
50 37 8
50 39 8
50 40 8
50 42 8
51 44 8
50 44 8
48 44 8
47 44 8
45 44 8
44 44 8
42 44 8
43 44 8
46 44 8
49 44 8
50 41 8
51 41 8
50 38 8
51 38 8
50 35 8
51 35 8
36 39 0
36 40 0
36 41 0
37 39 0
37 40 0
37 41 0
38 39 0
38 40 0
38 41 0
35 39 2
35 40 2
35 41 2
34 39 2
34 40 2
34 41 2
32 39 1
32 40 1
32 41 1
31 39 1
31 40 1
31 41 1
33 39 8
33 41 8
33 40 8
33 42 8
34 42 8
36 42 8
37 42 8
35 42 8
38 42 8
39 42 8
40 42 8
41 42 8
41 41 8
40 41 8
39 41 8
39 40 8
40 40 8
41 40 8
40 39 8
39 39 8
41 39 8
41 43 8
40 43 8
39 43 8
38 43 8
37 43 8
35 43 8
34 43 8
33 43 8
33 44 8
34 44 8
36 44 8
38 44 8
39 44 8
41 44 8
37 44 8
40 44 8
36 43 8
35 44 8
29 39 8
29 40 8
29 42 8
29 43 8
29 44 8
30 44 8
31 44 8
32 44 8
32 43 8
31 43 8
30 43 8
31 42 8
32 42 8
30 42 8
30 41 8
30 39 8
30 40 8
29 41 8
28 39 2
28 40 2
28 41 2
28 42 2
28 43 2
27 37 8
27 37 7
27 35 8
27 35 7
28 37 2
26 39 2
26 40 2
26 41 2
26 42 2
26 43 2
26 44 2
27 44 2
28 44 2
27 42 2
27 40 2
27 39 8
27 41 8
27 43 8
27 43 7
27 41 7
27 39 7
28 24 8
28 25 8
28 26 8
28 27 8
27 27 8
27 25 8
27 24 8
27 26 8
45 16 8
46 16 8
47 16 8
48 16 8
48 17 8
48 18 8
48 19 8
48 20 8
48 21 8
47 21 8
47 20 8
47 19 8
47 18 8
47 17 8
46 17 8
46 18 8
46 19 8
46 20 8
46 21 8
45 21 8
45 20 8
45 18 8
47 18 9
46 18 9
46 19 9
47 19 9
47 20 9
46 20 9
49 22 8
50 22 8
51 22 8
51 21 8
51 20 8
51 19 8
51 18 8
51 17 8
50 16 8
49 16 8
51 16 8
50 17 8
50 18 8
50 19 8
50 20 8
50 21 8
49 21 8
49 20 8
49 19 8
49 18 8
49 17 8
49 23 8
50 23 8
51 23 8
47 21 9
48 21 9
49 20 9
49 19 9
50 19 9
49 18 9
48 17 9
47 17 9
48 18 9
48 19 9
48 20 9
45 17 8
45 19 8
49 24 8
49 25 8
49 26 8
49 27 8
49 28 8
49 29 8
50 29 8
51 29 8
51 28 8
51 27 8
51 26 8
51 25 8
51 24 8
50 23 8
50 24 8
50 25 8
50 26 8
50 27 8
50 28 8
49 24 7
49 25 7
49 26 7
49 27 7
49 28 7
49 29 7
49 23 7
51 23 7
51 25 7
51 24 7
51 26 7
51 27 7
51 28 7
51 29 7
50 29 9
50 28 9
50 27 9
50 26 9
50 25 9
50 24 9
50 23 9
37 14 8
37 15 8
39 15 8
40 15 8
42 15 8
44 15 8
47 15 8
50 15 8
51 15 8
51 14 8
50 14 8
49 14 8
49 15 8
48 15 8
48 14 8
46 14 8
47 14 8
46 15 8
45 15 8
45 14 8
44 14 8
43 15 8
43 14 8
41 14 8
42 14 8
41 15 8
40 14 8
39 14 8
38 14 8
38 15 8
32 32 8
